%YAML:1.0
---
camera_matrix: !!opencv-matrix
   rows: 3
   cols: 3
   dt: d
   data: [ 1.1757080874414969e+04, 0., 3.5350261260770185e+02, 0.,
       1.1765941106972796e+04, 8.8888791794530709e+02, 0., 0., 1. ]
distortion_coefficients: !!opencv-matrix
   rows: 5
   cols: 1
   dt: d
   data: [ 4.6880714512345345e-01, -5.0392228500554680e+01,
       6.8888923106463894e-03, -1.2064962608378199e-04,
       3.6117356992800753e-01 ]
