%YAML:1.0
---
camera_matrix: !!opencv-matrix
   rows: 3
   cols: 3
   dt: d
   data: [ 1.1757681681505754e+04, 0., 3.5348744094008026e+02, 0.,
       1.1766543322497311e+04, 8.8891888283710898e+02, 0., 0., 1. ]
distortion_coefficients: !!opencv-matrix
   rows: 5
   cols: 1
   dt: d
   data: [ 4.6884735660817167e-01, -5.0394259077160513e+01,
       6.8898197064097217e-03, -1.2078539781294790e-04,
       3.6125179226921600e-01 ]
rvecs:
   - !!opencv-matrix
      rows: 3
      cols: 1
      dt: d
      data: [ 1.9874334493032661e-05, -3.1407548550666187e+00,
          2.8290218880374974e-03 ]
tvecs:
   - !!opencv-matrix
      rows: 3
      cols: 1
      dt: d
      data: [ 4.3973227892828097e+00, -9.6076616958458239e+00,
          1.5405300699334063e+02 ]
